BigArm1
(0.06415714672380915, 0.00014929048672999764) (6.416118029545751e-08, 3.2169413706331455e-08) (7.917603808542501e-06, 5.343730565854176e-07)
130.7536 16557

BigArm2
(0.06469702034625842, 8.76559044726572e-05) (3.982204332270561e-08, 2.0147948221826116e-08) (6.476425363290806e-06, 3.1502572060220535e-07)
142.12463 15761

SmallArm1
(0.050980120505562665, 0.00021624055419846598) (1.999625807935841e-07, 9.10526356825631e-08) (5.3002057341743266e-08, 5.3002057341743266e-08)
7.301343 6891

SmallArm2
(0.04965139228092813, 3.411154964097269e-05) (3.4700543375738504e-10, 3.47005433757385e-10) (5.3907347314061866e-08, 5.390734731406186e-08)
19.620811 12810